92
5
0 317 331 0 0 1 0 1 0 90
5
1 127 364 317 331 0 1 1 0 90
5
2 128 361 127 364 0 0 1 0 90
5
3 128 357 128 361 0 0 1 0 90
5
4 121 310 128 357 0 0 1 0 90
5
5 121 306 121 310 0 0 1 0 90
5
6 124 272 121 306 0 0 1 0 90
5
7 133 262 124 272 0 0 1 0 90
5
8 154 257 133 262 0 0 1 0 90
5
9 159 257 154 257 0 0 1 0 90
5
10 174 257 159 257 0 0 1 0 90
5
11 208 276 174 257 0 0 1 0 90
5
12 208 286 208 276 0 0 1 0 90
5
13 208 291 208 286 0 0 1 0 90
5
14 207 291 208 291 0 0 1 0 90
5
15 196 298 207 291 0 0 1 0 90
5
16 188 301 196 298 0 0 1 0 90
5
17 188 301 188 301 1 0 1 5 90
5
18 407 234 188 301 0 1 6 5 90
5
19 160 352 407 234 0 0 6 5 90
5
20 160 345 160 352 0 0 6 5 90
5
21 115 315 160 345 0 0 6 5 90
5
22 76 289 115 315 0 0 6 5 90
5
23 67 264 76 289 0 0 6 5 90
5
24 67 259 67 264 0 0 6 5 90
5
25 72 240 67 259 0 0 6 5 90
5
26 90 232 72 240 0 0 6 5 90
5
27 108 229 90 232 0 0 6 5 90
5
28 127 232 108 229 0 0 6 5 90
5
29 145 247 127 232 0 0 6 5 90
5
30 188 280 145 247 0 0 6 5 90
5
31 232 303 188 280 0 0 6 5 90
5
32 237 305 232 303 0 0 6 5 90
5
33 262 315 237 305 0 0 6 5 90
5
34 262 315 262 315 1 0 6 5 90
5
35 291 325 262 315 0 1 6 5 90
5
36 291 321 291 325 0 0 6 5 90
5
37 277 270 291 321 0 0 6 5 90
5
38 254 218 277 270 0 0 6 5 90
5
39 254 218 254 218 1 0 6 5 90
5
40 151 328 254 218 0 1 6 5 90
5
41 177 356 151 328 0 0 4 5 90
5
42 171 308 177 356 0 0 4 5 90
5
43 163 287 171 308 0 0 4 5 90
5
44 155 270 163 287 0 0 4 5 90
5
45 149 261 155 270 0 0 4 5 90
5
46 142 248 149 261 0 0 4 5 90
5
47 140 244 142 248 0 0 4 5 90
5
48 136 241 140 244 0 0 4 5 90
5
49 130 238 136 241 0 0 4 5 90
5
50 124 235 130 238 0 0 4 5 90
5
51 119 232 124 235 0 0 4 5 90
5
52 116 232 119 232 0 0 4 5 90
5
53 115 232 116 232 0 0 4 5 90
5
54 106 232 115 232 0 0 4 5 90
5
55 96 232 106 232 0 0 4 5 90
5
56 90 232 96 232 0 0 4 5 90
5
57 88 232 90 232 0 0 4 5 90
5
58 81 232 88 232 0 0 4 5 90
5
59 78 234 81 232 0 0 4 5 90
5
60 74 243 78 234 0 0 4 5 90
5
61 70 252 74 243 0 0 4 5 90
5
62 70 259 70 252 0 0 4 5 90
5
63 68 278 70 259 0 0 4 5 90
5
64 72 287 68 278 0 0 4 5 90
5
65 87 293 72 287 0 0 4 5 90
5
66 95 302 87 293 0 0 4 5 90
5
67 99 308 95 302 0 0 4 5 90
5
68 100 309 99 308 0 0 4 5 90
5
69 101 309 100 309 0 0 4 5 90
5
70 101 309 101 309 1 0 4 5 90
5
71 197 357 101 309 0 1 4 5 90
5
72 197 357 197 357 1 0 4 5 90
5
73 193 377 197 357 0 1 4 5 90
5
74 196 222 193 377 0 0 4 5 90
5
75 196 222 196 222 1 0 4 5 90
5
76 236 370 196 222 0 1 4 5 90
5
77 236 370 236 370 1 0 4 5 90
5
78 170 230 236 370 0 1 4 5 90
5
79 170 230 170 230 1 0 4 5 90
5
80 165 327 170 230 0 1 4 5 90
5
81 164 325 165 327 0 0 4 5 90
5
82 164 325 164 325 1 0 4 5 90
5
83 294 221 164 325 0 1 4 5 90
5
84 294 221 294 221 1 0 4 5 90
5
85 152 370 294 221 0 1 4 5 90
5
86 152 370 152 370 1 0 4 5 90
5
87 277 189 152 370 0 1 4 5 90
5
88 277 189 277 189 0 0 4 5 90
5
89 277 189 277 189 1 0 4 5 90
2
0 108 348 268 338 180 192 5 5 3
4
0 325 333 213 244 7 5 2
